4 16
16 8
9.140e-01 6.803e-01 7.857e-01 2.251e-01 9.772e-01 8.326e-01 6.527e-01 9.881e-01 6.558e-01 7.834e-01 4.279e-01 9.002e-01 7.897e-01 3.992e-01 7.461e-01 2.435e-01
9.929e-01 2.510e-01 9.982e-01 5.756e-03 3.827e-01 9.219e-01 5.472e-02 8.814e-01 7.832e-01 3.369e-02 4.488e-03 1.903e-01 4.550e-01 5.995e-01 6.121e-01 1.427e-01
6.063e-02 5.341e-01 6.502e-01 6.423e-02 3.207e-01 4.181e-01 6.338e-01 9.019e-01 1.289e-01 5.299e-02 7.839e-01 2.081e-01 3.264e-01 7.583e-01 2.424e-01 3.422e-01
4.493e-01 8.756e-01 7.108e-01 1.920e-01 4.452e-01 9.155e-01 3.800e-01 4.605e-01 6.303e-01 1.486e-01 2.858e-01 8.432e-01 7.422e-01 9.182e-01 9.841e-02 5.181e-01
3.931e-01 1.708e-01 4.122e-02 4.412e-01 7.171e-01 4.124e-01 9.220e-01 8.018e-01
3.538e-01 7.009e-01 3.225e-01 2.333e-01 9.132e-01 1.179e-01 8.176e-01 1.132e-01
6.938e-01 2.845e-01 4.088e-01 2.520e-01 6.814e-01 3.673e-01 1.083e-01 9.084e-01
4.978e-01 7.747e-01 2.393e-02 5.478e-01 7.721e-01 3.410e-01 1.088e-01 6.062e-01
2.649e-01 9.548e-01 4.445e-01 5.217e-01 1.807e-01 1.425e-01 2.650e-01 7.827e-01
1.782e-01 4.815e-01 2.424e-01 9.247e-01 6.627e-01 3.264e-01 2.489e-01 9.160e-01
6.557e-02 4.286e-01 2.919e-01 7.027e-01 8.010e-01 8.119e-01 2.254e-02 9.345e-01
2.042e-01 8.274e-01 8.262e-02 3.781e-01 4.560e-01 2.121e-01 6.523e-01 8.369e-01
7.826e-01 9.712e-01 7.032e-02 4.015e-01 7.694e-01 2.915e-01 9.112e-01 4.837e-01
3.893e-01 3.535e-01 9.845e-01 6.958e-01 1.612e-01 3.193e-01 5.424e-02 9.213e-01
5.308e-01 2.878e-01 9.516e-01 2.894e-01 4.031e-01 9.007e-01 9.040e-01 4.708e-01
1.138e-01 9.918e-01 7.174e-01 4.922e-01 5.995e-01 6.605e-01 5.136e-01 1.871e-01
2.804e-01 5.278e-01 4.912e-02 5.998e-01 3.458e-01 5.328e-01 4.711e-01 1.356e-01
5.148e-01 4.887e-01 5.486e-01 3.462e-01 4.290e-01 6.457e-02 4.389e-01 4.914e-01
1.960e-01 7.660e-01 1.328e-01 8.313e-01 8.189e-01 6.845e-01 5.280e-01 7.001e-01
5.159e-01 4.357e-01 3.447e-01 6.867e-01 3.717e-01 3.871e-01 9.317e-01 3.515e-01
